ERR10710700	abaumannii_2	2	Pas_cpn60(2)	Pas_fusA(2)	Pas_gltA(2)	Pas_pyrG(2)	Pas_recA(2)	Pas_rplB(2)	Pas_rpoB(2)
ERR10710702	abaumannii_2	2	Pas_cpn60(2)	Pas_fusA(2)	Pas_gltA(2)	Pas_pyrG(2)	Pas_recA(2)	Pas_rplB(2)	Pas_rpoB(2)
ERR10710703	abaumannii_2	2	Pas_cpn60(2)	Pas_fusA(2)	Pas_gltA(2)	Pas_pyrG(2)	Pas_recA(2)	Pas_rplB(2)	Pas_rpoB(2)
ERR10710705	abaumannii_2	2	Pas_cpn60(2)	Pas_fusA(2)	Pas_gltA(2)	Pas_pyrG(2)	Pas_recA(2)	Pas_rplB(2)	Pas_rpoB(2)
ERR10710706	abaumannii_2	1	Pas_cpn60(1)	Pas_fusA(1)	Pas_gltA(1)	Pas_pyrG(1)	Pas_recA(5)	Pas_rplB(1)	Pas_rpoB(1)
ERR10710707	abaumannii_2	2	Pas_cpn60(2)	Pas_fusA(2)	Pas_gltA(2)	Pas_pyrG(2)	Pas_recA(2)	Pas_rplB(2)	Pas_rpoB(2)
ERR10710709	abaumannii_2	2	Pas_cpn60(2)	Pas_fusA(2)	Pas_gltA(2)	Pas_pyrG(2)	Pas_recA(2)	Pas_rplB(2)	Pas_rpoB(2)
ERR10782663	abaumannii_2	-	Pas_cpn60(8)	Pas_fusA(3)	Pas_gltA(2)	Pas_pyrG(1)	Pas_recA(6)	Pas_rplB(1)	Pas_rpoB(3)
ERR10782668	abaumannii_2	-	Pas_cpn60(477?)	Pas_fusA(426?)	Pas_gltA(2)	Pas_pyrG(1)	Pas_recA(18)	Pas_rplB(1)	Pas_rpoB(48)
ERR10782671	abaumannii_2	103	Pas_cpn60(7)	Pas_fusA(3)	Pas_gltA(2)	Pas_pyrG(1)	Pas_recA(7)	Pas_rplB(1)	Pas_rpoB(4)
ERR10782676	abaumannii_2	409	Pas_cpn60(1)	Pas_fusA(1)	Pas_gltA(1)	Pas_pyrG(1)	Pas_recA(2)	Pas_rplB(1)	Pas_rpoB(1)
ERR10782680	abaumannii_2	2214	Pas_cpn60(8)	Pas_fusA(4)	Pas_gltA(5)	Pas_pyrG(2)	Pas_recA(9)	Pas_rplB(1)	Pas_rpoB(2)
ERR10782688	abaumannii_2	126	Pas_cpn60(3)	Pas_fusA(2)	Pas_gltA(7)	Pas_pyrG(2)	Pas_recA(7)	Pas_rplB(1)	Pas_rpoB(3)
ERR10782695	abaumannii_2	164	Pas_cpn60(40)	Pas_fusA(3)	Pas_gltA(7)	Pas_pyrG(2)	Pas_recA(40)	Pas_rplB(4)	Pas_rpoB(4)
ERR10782717	abaumannii_2	1828	Pas_cpn60(3)	Pas_fusA(2)	Pas_gltA(2)	Pas_pyrG(2)	Pas_recA(7)	Pas_rplB(2)	Pas_rpoB(2)
ERR10782743	abaumannii_2	-	Pas_cpn60(8)	Pas_fusA(4)	Pas_gltA(5)	Pas_pyrG(2)	Pas_recA(7)	Pas_rplB(1)	Pas_rpoB(2)
ERR10783123	abaumannii_2	2215	Pas_cpn60(5)	Pas_fusA(4)	Pas_gltA(2)	Pas_pyrG(1)	Pas_recA(3)	Pas_rplB(1)	Pas_rpoB(29)
ERR10783128	abaumannii_2	821	Pas_cpn60(12)	Pas_fusA(100)	Pas_gltA(2)	Pas_pyrG(2)	Pas_recA(9)	Pas_rplB(1)	Pas_rpoB(52)
ERR10783132	abaumannii_2	-	Pas_cpn60(1)	Pas_fusA(1)	Pas_gltA(1)	Pas_pyrG(~1)	Pas_recA(2)	Pas_rplB(1)	Pas_rpoB(1)
ERR10783138	abaumannii_2	1464	Pas_cpn60(3)	Pas_fusA(4)	Pas_gltA(2)	Pas_pyrG(2)	Pas_recA(7)	Pas_rplB(2)	Pas_rpoB(2)
ERR10783144	abaumannii_2	973	Pas_cpn60(5)	Pas_fusA(4)	Pas_gltA(4)	Pas_pyrG(1)	Pas_recA(3)	Pas_rplB(4)	Pas_rpoB(14)
ERR10783153	abaumannii_2	409	Pas_cpn60(1)	Pas_fusA(1)	Pas_gltA(1)	Pas_pyrG(1)	Pas_recA(2)	Pas_rplB(1)	Pas_rpoB(1)
ERR10783156	abaumannii_2	32	Pas_cpn60(1)	Pas_fusA(1)	Pas_gltA(2)	Pas_pyrG(2)	Pas_recA(3)	Pas_rplB(4)	Pas_rpoB(4)
ERR10783159	abaumannii_2	103	Pas_cpn60(7)	Pas_fusA(3)	Pas_gltA(2)	Pas_pyrG(1)	Pas_recA(7)	Pas_rplB(1)	Pas_rpoB(4)
ERR10783163	abaumannii_2	409	Pas_cpn60(1)	Pas_fusA(1)	Pas_gltA(1)	Pas_pyrG(1)	Pas_recA(2)	Pas_rplB(1)	Pas_rpoB(1)
ERR10783166	abaumannii_2	221	Pas_cpn60(3)	Pas_fusA(1)	Pas_gltA(2)	Pas_pyrG(1)	Pas_recA(18)	Pas_rplB(1)	Pas_rpoB(48)
ERR10783178	abaumannii_2	973	Pas_cpn60(5)	Pas_fusA(4)	Pas_gltA(4)	Pas_pyrG(1)	Pas_recA(3)	Pas_rplB(4)	Pas_rpoB(14)
ERR10787957	abaumannii_2	2227	Pas_cpn60(3)	Pas_fusA(427)	Pas_gltA(2)	Pas_pyrG(2)	Pas_recA(7)	Pas_rplB(2)	Pas_rpoB(2)
ERR10787959	abaumannii_2	-	Pas_cpn60(1)	Pas_fusA(2)	Pas_gltA(2)	Pas_pyrG(2)	Pas_recA(7)	Pas_rplB(1)	Pas_rpoB(16)
ERR10787961	abaumannii_2	973	Pas_cpn60(5)	Pas_fusA(4)	Pas_gltA(4)	Pas_pyrG(1)	Pas_recA(3)	Pas_rplB(4)	Pas_rpoB(14)
ERR10788033	abaumannii_2	622	Pas_cpn60(3)	Pas_fusA(12)	Pas_gltA(11)	Pas_pyrG(2)	Pas_recA(14)	Pas_rplB(4)	Pas_rpoB(14)
ERR10788115	abaumannii_2	78	Pas_cpn60(25)	Pas_fusA(3)	Pas_gltA(6)	Pas_pyrG(2)	Pas_recA(28)	Pas_rplB(1)	Pas_rpoB(29)
ERR10788118	abaumannii_2	516	Pas_cpn60(3)	Pas_fusA(4)	Pas_gltA(2)	Pas_pyrG(2)	Pas_recA(9)	Pas_rplB(1)	Pas_rpoB(2)
ERR10788121	abaumannii_2	1	Pas_cpn60(1)	Pas_fusA(1)	Pas_gltA(1)	Pas_pyrG(1)	Pas_recA(5)	Pas_rplB(1)	Pas_rpoB(1)
ERR10794274	abaumannii_2	-	Pas_cpn60(3)	Pas_fusA(427?)	Pas_gltA(7)	Pas_pyrG(251?)	Pas_recA(7)	Pas_rplB(1)	Pas_rpoB(3)
ERR10794308	abaumannii_2	973	Pas_cpn60(5)	Pas_fusA(4)	Pas_gltA(4)	Pas_pyrG(1)	Pas_recA(3)	Pas_rplB(4)	Pas_rpoB(14)
ERR10794316	abaumannii_2	32	Pas_cpn60(1)	Pas_fusA(1)	Pas_gltA(2)	Pas_pyrG(2)	Pas_recA(3)	Pas_rplB(4)	Pas_rpoB(4)
ERR10794327	abaumannii_2	622	Pas_cpn60(3)	Pas_fusA(12)	Pas_gltA(11)	Pas_pyrG(2)	Pas_recA(14)	Pas_rplB(4)	Pas_rpoB(14)
ERR10802836	abaumannii_2	1464	Pas_cpn60(3)	Pas_fusA(4)	Pas_gltA(2)	Pas_pyrG(2)	Pas_recA(7)	Pas_rplB(2)	Pas_rpoB(2)
ERR10802837	abaumannii_2	103	Pas_cpn60(7)	Pas_fusA(3)	Pas_gltA(2)	Pas_pyrG(1)	Pas_recA(7)	Pas_rplB(1)	Pas_rpoB(4)
ERR10805899	abaumannii_2	-	Pas_cpn60(8)	Pas_fusA(4)	Pas_gltA(5)	Pas_pyrG(2)	Pas_recA(7)	Pas_rplB(1)	Pas_rpoB(2)
ERR10808103	abaumannii_2	409	Pas_cpn60(1)	Pas_fusA(1)	Pas_gltA(1)	Pas_pyrG(1)	Pas_recA(2)	Pas_rplB(1)	Pas_rpoB(1)
ERR10808115	abaumannii_2	-	Pas_cpn60(8)	Pas_fusA(2)	Pas_gltA(5)	Pas_pyrG(2)	Pas_recA(7)	Pas_rplB(1)	Pas_rpoB(2)
ERR10808136	abaumannii_2	32	Pas_cpn60(1)	Pas_fusA(1)	Pas_gltA(2)	Pas_pyrG(2)	Pas_recA(3)	Pas_rplB(4)	Pas_rpoB(4)
ERR10809417	abaumannii_2	409	Pas_cpn60(1)	Pas_fusA(1)	Pas_gltA(1)	Pas_pyrG(1)	Pas_recA(2)	Pas_rplB(1)	Pas_rpoB(1)
ERR10809418	abaumannii_2	1463	Pas_cpn60(8)	Pas_fusA(1)	Pas_gltA(5)	Pas_pyrG(3)	Pas_recA(7)	Pas_rplB(1)	Pas_rpoB(3)
ERR10812834	abaumannii_2	516	Pas_cpn60(3)	Pas_fusA(4)	Pas_gltA(2)	Pas_pyrG(2)	Pas_recA(9)	Pas_rplB(1)	Pas_rpoB(2)
ERR10812835	abaumannii_2	-	Pas_cpn60(~3)	Pas_fusA(12)	Pas_gltA(64?)	Pas_pyrG(2)	Pas_recA(228?)	Pas_rplB(9)	Pas_rpoB(14)
ERR10812836	abaumannii_2	149	Pas_cpn60(3)	Pas_fusA(12)	Pas_gltA(11)	Pas_pyrG(2)	Pas_recA(14)	Pas_rplB(9)	Pas_rpoB(14)
ERR10812837	abaumannii_2	10	Pas_cpn60(1)	Pas_fusA(3)	Pas_gltA(2)	Pas_pyrG(1)	Pas_recA(4)	Pas_rplB(4)	Pas_rpoB(4)
ERR10812838	abaumannii_2	10	Pas_cpn60(1)	Pas_fusA(3)	Pas_gltA(2)	Pas_pyrG(1)	Pas_recA(4)	Pas_rplB(4)	Pas_rpoB(4)
ERR10812839	abaumannii_2	126	Pas_cpn60(3)	Pas_fusA(2)	Pas_gltA(7)	Pas_pyrG(2)	Pas_recA(7)	Pas_rplB(1)	Pas_rpoB(3)
ERR10812840	abaumannii_2	164	Pas_cpn60(40)	Pas_fusA(3)	Pas_gltA(7)	Pas_pyrG(2)	Pas_recA(40)	Pas_rplB(4)	Pas_rpoB(4)
ERR10812841	abaumannii_2	-	Pas_cpn60(1)	Pas_fusA(~2)	Pas_gltA(2)	Pas_pyrG(2)	Pas_recA(71)	Pas_rplB(4)	Pas_rpoB(60)
ERR10812867	abaumannii_2	32	Pas_cpn60(1)	Pas_fusA(1)	Pas_gltA(2)	Pas_pyrG(2)	Pas_recA(3)	Pas_rplB(4)	Pas_rpoB(4)
ERR10812868	abaumannii_2	2215	Pas_cpn60(5)	Pas_fusA(4)	Pas_gltA(2)	Pas_pyrG(1)	Pas_recA(3)	Pas_rplB(1)	Pas_rpoB(29)
ERR10812869	abaumannii_2	-	Pas_cpn60(13)	Pas_fusA(4)	Pas_gltA(40)	Pas_pyrG(1)	Pas_recA(~42)	Pas_rplB(1)	Pas_rpoB(2)
ERR10812870	abaumannii_2	-	Pas_cpn60(8)	Pas_fusA(4)	Pas_gltA(5)	Pas_pyrG(2)	Pas_recA(7)	Pas_rplB(1)	Pas_rpoB(2)
ERR10812871	abaumannii_2	821	Pas_cpn60(12)	Pas_fusA(100)	Pas_gltA(2)	Pas_pyrG(2)	Pas_recA(9)	Pas_rplB(1)	Pas_rpoB(52)
ERR10812872	abaumannii_2	2177	Pas_cpn60(12)	Pas_fusA(3)	Pas_gltA(7)	Pas_pyrG(2)	Pas_recA(4)	Pas_rplB(1)	Pas_rpoB(5)
ERR10812873	abaumannii_2	-	Pas_cpn60(5)	Pas_fusA(4)	Pas_gltA(2)	Pas_pyrG(247?)	Pas_recA(3)	Pas_rplB(1)	Pas_rpoB(29)
ERR10820997	abaumannii_2	32	Pas_cpn60(1)	Pas_fusA(1)	Pas_gltA(2)	Pas_pyrG(2)	Pas_recA(3)	Pas_rplB(4)	Pas_rpoB(4)
ERR10852925	abaumannii_2	-	Pas_cpn60(8)	Pas_fusA(3)	Pas_gltA(2)	Pas_pyrG(1)	Pas_recA(6)	Pas_rplB(1)	Pas_rpoB(3)
ERR10852926	abaumannii_2	-	Pas_cpn60(1)	Pas_fusA(~2)	Pas_gltA(2)	Pas_pyrG(2)	Pas_recA(71)	Pas_rplB(4)	Pas_rpoB(60)
ERR10852929	abaumannii_2	221	Pas_cpn60(3)	Pas_fusA(1)	Pas_gltA(2)	Pas_pyrG(1)	Pas_recA(18)	Pas_rplB(1)	Pas_rpoB(48)
ERR10852931	abaumannii_2	10	Pas_cpn60(1)	Pas_fusA(3)	Pas_gltA(2)	Pas_pyrG(1)	Pas_recA(4)	Pas_rplB(4)	Pas_rpoB(4)
ERR10852932	abaumannii_2	1464	Pas_cpn60(3)	Pas_fusA(4)	Pas_gltA(2)	Pas_pyrG(2)	Pas_recA(7)	Pas_rplB(2)	Pas_rpoB(2)
ERR10852933	abaumannii_2	1	Pas_cpn60(1)	Pas_fusA(1)	Pas_gltA(1)	Pas_pyrG(1)	Pas_recA(5)	Pas_rplB(1)	Pas_rpoB(1)
ERR10852935	abaumannii_2	2177	Pas_cpn60(12)	Pas_fusA(3)	Pas_gltA(7)	Pas_pyrG(2)	Pas_recA(4)	Pas_rplB(1)	Pas_rpoB(5)
ERR10852936	abaumannii_2	149	Pas_cpn60(3)	Pas_fusA(12)	Pas_gltA(11)	Pas_pyrG(2)	Pas_recA(14)	Pas_rplB(9)	Pas_rpoB(14)
ERR10852938	abaumannii_2	10	Pas_cpn60(1)	Pas_fusA(3)	Pas_gltA(2)	Pas_pyrG(1)	Pas_recA(4)	Pas_rplB(4)	Pas_rpoB(4)
ERR10852993	abaumannii_2	10	Pas_cpn60(1)	Pas_fusA(3)	Pas_gltA(2)	Pas_pyrG(1)	Pas_recA(4)	Pas_rplB(4)	Pas_rpoB(4)
ERR10852995	abaumannii_2	409	Pas_cpn60(1)	Pas_fusA(1)	Pas_gltA(1)	Pas_pyrG(1)	Pas_recA(2)	Pas_rplB(1)	Pas_rpoB(1)
ERR10852996	abaumannii_2	2029	Pas_cpn60(13)	Pas_fusA(2)	Pas_gltA(7)	Pas_pyrG(2)	Pas_recA(7)	Pas_rplB(2)	Pas_rpoB(5)
ERR10853648	abaumannii_2	2199	Pas_cpn60(1)	Pas_fusA(52)	Pas_gltA(2)	Pas_pyrG(2)	Pas_recA(9)	Pas_rplB(32)	Pas_rpoB(5)
ERR10854234	abaumannii_2	1828	Pas_cpn60(3)	Pas_fusA(2)	Pas_gltA(2)	Pas_pyrG(2)	Pas_recA(7)	Pas_rplB(2)	Pas_rpoB(2)
ERR10854472	abaumannii_2	-	Pas_cpn60(8)	Pas_fusA(4)	Pas_gltA(5)	Pas_pyrG(2)	Pas_recA(7)	Pas_rplB(1)	Pas_rpoB(2)
ERR10854473	abaumannii_2	-	Pas_cpn60(8)	Pas_fusA(4)	Pas_gltA(5)	Pas_pyrG(2)	Pas_recA(7)	Pas_rplB(1)	Pas_rpoB(2)
ERR10854474	abaumannii_2	-	Pas_cpn60(8)	Pas_fusA(4)	Pas_gltA(5)	Pas_pyrG(2)	Pas_recA(7)	Pas_rplB(1)	Pas_rpoB(2)
ERR10854475	abaumannii_2	32	Pas_cpn60(1)	Pas_fusA(1)	Pas_gltA(2)	Pas_pyrG(2)	Pas_recA(3)	Pas_rplB(4)	Pas_rpoB(4)
ERR10854476	abaumannii_2	203	Pas_cpn60(3)	Pas_fusA(4)	Pas_gltA(2)	Pas_pyrG(2)	Pas_recA(7)	Pas_rplB(1)	Pas_rpoB(2)
ERR10854480	abaumannii_2	32	Pas_cpn60(1)	Pas_fusA(1)	Pas_gltA(2)	Pas_pyrG(2)	Pas_recA(3)	Pas_rplB(4)	Pas_rpoB(4)
ERR10854483	abaumannii_2	32	Pas_cpn60(1)	Pas_fusA(1)	Pas_gltA(2)	Pas_pyrG(2)	Pas_recA(3)	Pas_rplB(4)	Pas_rpoB(4)
ERR10854484	abaumannii_2	2215	Pas_cpn60(5)	Pas_fusA(4)	Pas_gltA(2)	Pas_pyrG(1)	Pas_recA(3)	Pas_rplB(1)	Pas_rpoB(29)
ERR3569448	abaumannii_2	1	Pas_cpn60(1)	Pas_fusA(1)	Pas_gltA(1)	Pas_pyrG(1)	Pas_recA(5)	Pas_rplB(1)	Pas_rpoB(1)
ERR3569449	abaumannii_2	1	Pas_cpn60(1)	Pas_fusA(1)	Pas_gltA(1)	Pas_pyrG(1)	Pas_recA(5)	Pas_rplB(1)	Pas_rpoB(1)
ERR3569450	abaumannii_2	1	Pas_cpn60(1)	Pas_fusA(1)	Pas_gltA(1)	Pas_pyrG(1)	Pas_recA(5)	Pas_rplB(1)	Pas_rpoB(1)
ERR3569451	abaumannii_2	1	Pas_cpn60(1)	Pas_fusA(1)	Pas_gltA(1)	Pas_pyrG(1)	Pas_recA(5)	Pas_rplB(1)	Pas_rpoB(1)
ERR4436595	abaumannii_2	10	Pas_cpn60(1)	Pas_fusA(3)	Pas_gltA(2)	Pas_pyrG(1)	Pas_recA(4)	Pas_rplB(4)	Pas_rpoB(4)
ERR4436596	abaumannii_2	2	Pas_cpn60(2)	Pas_fusA(2)	Pas_gltA(2)	Pas_pyrG(2)	Pas_recA(2)	Pas_rplB(2)	Pas_rpoB(2)
ERR4436597	abaumannii_2	2	Pas_cpn60(2)	Pas_fusA(2)	Pas_gltA(2)	Pas_pyrG(2)	Pas_recA(2)	Pas_rplB(2)	Pas_rpoB(2)
ERR4436754	abaumannii_2	2	Pas_cpn60(2)	Pas_fusA(2)	Pas_gltA(2)	Pas_pyrG(2)	Pas_recA(2)	Pas_rplB(2)	Pas_rpoB(2)
ERR4783167	abaumannii_2	-	Pas_cpn60(2,36)	Pas_fusA(2,20)	Pas_gltA(2,48)	Pas_pyrG(2,16)	Pas_recA(2,38)	Pas_rplB(2,18)	Pas_rpoB(2,98)
ERR4783172	abaumannii_2	1093	Pas_cpn60(1)	Pas_fusA(158)	Pas_gltA(2)	Pas_pyrG(2)	Pas_recA(165)	Pas_rplB(1)	Pas_rpoB(2)
ERR4783180	abaumannii_2	85	Pas_cpn60(5)	Pas_fusA(2)	Pas_gltA(4)	Pas_pyrG(1)	Pas_recA(3)	Pas_rplB(3)	Pas_rpoB(4)
ERR4783186	abaumannii_2	2	Pas_cpn60(2)	Pas_fusA(2)	Pas_gltA(2)	Pas_pyrG(2)	Pas_recA(2)	Pas_rplB(2)	Pas_rpoB(2)
ERR4783188	abaumannii_2	2	Pas_cpn60(2)	Pas_fusA(2)	Pas_gltA(2)	Pas_pyrG(2)	Pas_recA(2)	Pas_rplB(2)	Pas_rpoB(2)
ERR4783194	abaumannii_2	821	Pas_cpn60(12)	Pas_fusA(100)	Pas_gltA(2)	Pas_pyrG(2)	Pas_recA(9)	Pas_rplB(1)	Pas_rpoB(52)
ERR4783195	abaumannii_2	2	Pas_cpn60(2)	Pas_fusA(2)	Pas_gltA(2)	Pas_pyrG(2)	Pas_recA(2)	Pas_rplB(2)	Pas_rpoB(2)
ERR4783200	abaumannii_2	267	Pas_cpn60(12)	Pas_fusA(37)	Pas_gltA(2)	Pas_pyrG(2)	Pas_recA(3)	Pas_rplB(2)	Pas_rpoB(14)
ERR4783203	abaumannii_2	2	Pas_cpn60(2)	Pas_fusA(2)	Pas_gltA(2)	Pas_pyrG(2)	Pas_recA(2)	Pas_rplB(2)	Pas_rpoB(2)
ERR4783208	abaumannii_2	85	Pas_cpn60(5)	Pas_fusA(2)	Pas_gltA(4)	Pas_pyrG(1)	Pas_recA(3)	Pas_rplB(3)	Pas_rpoB(4)
ERR4783214	abaumannii_2	1	Pas_cpn60(1)	Pas_fusA(1)	Pas_gltA(1)	Pas_pyrG(1)	Pas_recA(5)	Pas_rplB(1)	Pas_rpoB(1)
ERR4783216	abaumannii_2	2	Pas_cpn60(2)	Pas_fusA(2)	Pas_gltA(2)	Pas_pyrG(2)	Pas_recA(2)	Pas_rplB(2)	Pas_rpoB(2)
ERR4783222	abaumannii_2	85	Pas_cpn60(5)	Pas_fusA(2)	Pas_gltA(4)	Pas_pyrG(1)	Pas_recA(3)	Pas_rplB(3)	Pas_rpoB(4)
ERR4783223	abaumannii_2	2	Pas_cpn60(2)	Pas_fusA(2)	Pas_gltA(2)	Pas_pyrG(2)	Pas_recA(2)	Pas_rplB(2)	Pas_rpoB(2)
ERR4783228	abaumannii_2	85	Pas_cpn60(5)	Pas_fusA(2)	Pas_gltA(4)	Pas_pyrG(1)	Pas_recA(3)	Pas_rplB(3)	Pas_rpoB(4)
ERR4783231	abaumannii_2	2	Pas_cpn60(2)	Pas_fusA(2)	Pas_gltA(2)	Pas_pyrG(2)	Pas_recA(2)	Pas_rplB(2)	Pas_rpoB(2)
ERR4783239	abaumannii_2	2	Pas_cpn60(2)	Pas_fusA(2)	Pas_gltA(2)	Pas_pyrG(2)	Pas_recA(2)	Pas_rplB(2)	Pas_rpoB(2)
ERR4783244	abaumannii_2	1	Pas_cpn60(1)	Pas_fusA(1)	Pas_gltA(1)	Pas_pyrG(1)	Pas_recA(5)	Pas_rplB(1)	Pas_rpoB(1)
ERR4783250	abaumannii_2	25	Pas_cpn60(3)	Pas_fusA(3)	Pas_gltA(2)	Pas_pyrG(4)	Pas_recA(7)	Pas_rplB(2)	Pas_rpoB(4)
ERR4783252	abaumannii_2	2	Pas_cpn60(2)	Pas_fusA(2)	Pas_gltA(2)	Pas_pyrG(2)	Pas_recA(2)	Pas_rplB(2)	Pas_rpoB(2)
ERR4783258	abaumannii_2	2	Pas_cpn60(2)	Pas_fusA(2)	Pas_gltA(2)	Pas_pyrG(2)	Pas_recA(2)	Pas_rplB(2)	Pas_rpoB(2)
ERR4783259	abaumannii_2	25	Pas_cpn60(3)	Pas_fusA(3)	Pas_gltA(2)	Pas_pyrG(4)	Pas_recA(7)	Pas_rplB(2)	Pas_rpoB(4)
ERR4783264	abaumannii_2	164	Pas_cpn60(40)	Pas_fusA(3)	Pas_gltA(7)	Pas_pyrG(2)	Pas_recA(40)	Pas_rplB(4)	Pas_rpoB(4)
ERR4783385	abaumannii_2	-	Pas_cpn60(486?)	Pas_fusA(421?)	Pas_gltA(419?)	Pas_pyrG(1)	Pas_recA(5)	Pas_rplB(263?)	Pas_rpoB(432?)
ERR4783387	abaumannii_2	85	Pas_cpn60(5)	Pas_fusA(2)	Pas_gltA(4)	Pas_pyrG(1)	Pas_recA(3)	Pas_rplB(3)	Pas_rpoB(4)
ERR4783391	abaumannii_2	2	Pas_cpn60(2)	Pas_fusA(2)	Pas_gltA(2)	Pas_pyrG(2)	Pas_recA(2)	Pas_rplB(2)	Pas_rpoB(2)
ERR4783394	abaumannii_2	-	Pas_cpn60(5)	Pas_fusA(158?)	Pas_gltA(2)	Pas_pyrG(1)	Pas_recA(470?)	Pas_rplB(99?)	Pas_rpoB(5?)
ERR4783401	abaumannii_2	85	Pas_cpn60(5)	Pas_fusA(2)	Pas_gltA(4)	Pas_pyrG(1)	Pas_recA(3)	Pas_rplB(3)	Pas_rpoB(4)
ERR4783411	abaumannii_2	85	Pas_cpn60(5)	Pas_fusA(2)	Pas_gltA(4)	Pas_pyrG(1)	Pas_recA(3)	Pas_rplB(3)	Pas_rpoB(4)
ERR4783413	abaumannii_2	-	Pas_cpn60(288?)	Pas_fusA(160?)	Pas_gltA(430?)	Pas_pyrG(2)	Pas_recA(40)	Pas_rplB(263?)	Pas_rpoB(432?)
ERR4783415	abaumannii_2	-	Pas_cpn60(486?)	Pas_fusA(421?)	Pas_gltA(419?)	Pas_pyrG(2?)	Pas_recA(2)	Pas_rplB(2)	Pas_rpoB(432?)
ERR4783417	abaumannii_2	-	Pas_cpn60(8)	Pas_fusA(227?)	Pas_gltA(419?)	Pas_pyrG(3?)	Pas_recA(2)	Pas_rplB(2)	Pas_rpoB(432?)
ERR4783419	abaumannii_2	85	Pas_cpn60(5)	Pas_fusA(2)	Pas_gltA(4)	Pas_pyrG(1)	Pas_recA(3)	Pas_rplB(3)	Pas_rpoB(4)
ERR4783518	abaumannii_2	85	Pas_cpn60(5)	Pas_fusA(2)	Pas_gltA(4)	Pas_pyrG(1)	Pas_recA(3)	Pas_rplB(3)	Pas_rpoB(4)
ERR4919979	abaumannii_2	267	Pas_cpn60(12)	Pas_fusA(37)	Pas_gltA(2)	Pas_pyrG(2)	Pas_recA(3)	Pas_rplB(2)	Pas_rpoB(14)
ERR4919980	abaumannii_2	1	Pas_cpn60(1)	Pas_fusA(1)	Pas_gltA(1)	Pas_pyrG(1)	Pas_recA(5)	Pas_rplB(1)	Pas_rpoB(1)
ERR4919981	abaumannii_2	1	Pas_cpn60(1)	Pas_fusA(1)	Pas_gltA(1)	Pas_pyrG(1)	Pas_recA(5)	Pas_rplB(1)	Pas_rpoB(1)
ERR4919983	abaumannii_2	1	Pas_cpn60(1)	Pas_fusA(1)	Pas_gltA(1)	Pas_pyrG(1)	Pas_recA(5)	Pas_rplB(1)	Pas_rpoB(1)
ERR4919984	abaumannii_2	1	Pas_cpn60(1)	Pas_fusA(1)	Pas_gltA(1)	Pas_pyrG(1)	Pas_recA(5)	Pas_rplB(1)	Pas_rpoB(1)
ERR4919985	abaumannii_2	1	Pas_cpn60(1)	Pas_fusA(1)	Pas_gltA(1)	Pas_pyrG(1)	Pas_recA(5)	Pas_rplB(1)	Pas_rpoB(1)
ERR4919991	abaumannii_2	2	Pas_cpn60(2)	Pas_fusA(2)	Pas_gltA(2)	Pas_pyrG(2)	Pas_recA(2)	Pas_rplB(2)	Pas_rpoB(2)
ERR4919992	abaumannii_2	10	Pas_cpn60(1)	Pas_fusA(3)	Pas_gltA(2)	Pas_pyrG(1)	Pas_recA(4)	Pas_rplB(4)	Pas_rpoB(4)
ERR4919993	abaumannii_2	575	Pas_cpn60(1)	Pas_fusA(3)	Pas_gltA(2)	Pas_pyrG(1)	Pas_recA(4)	Pas_rplB(4)	Pas_rpoB(92)
ERR4920008	abaumannii_2	52	Pas_cpn60(3)	Pas_fusA(2)	Pas_gltA(2)	Pas_pyrG(7)	Pas_recA(9)	Pas_rplB(1)	Pas_rpoB(5)
ERR4920011	abaumannii_2	1	Pas_cpn60(1)	Pas_fusA(1)	Pas_gltA(1)	Pas_pyrG(1)	Pas_recA(5)	Pas_rplB(1)	Pas_rpoB(1)
ERR4920012	abaumannii_2	164	Pas_cpn60(40)	Pas_fusA(3)	Pas_gltA(7)	Pas_pyrG(2)	Pas_recA(40)	Pas_rplB(4)	Pas_rpoB(4)
ERR4920013	abaumannii_2	164	Pas_cpn60(40)	Pas_fusA(3)	Pas_gltA(7)	Pas_pyrG(2)	Pas_recA(40)	Pas_rplB(4)	Pas_rpoB(4)
ERR4999559	abaumannii_2	602	Pas_cpn60(12)	Pas_fusA(100)	Pas_gltA(2)	Pas_pyrG(2)	Pas_recA(29)	Pas_rplB(1)	Pas_rpoB(4)
ERR4999560	abaumannii_2	1	Pas_cpn60(1)	Pas_fusA(1)	Pas_gltA(1)	Pas_pyrG(1)	Pas_recA(5)	Pas_rplB(1)	Pas_rpoB(1)
ERR4999561	abaumannii_2	1	Pas_cpn60(1)	Pas_fusA(1)	Pas_gltA(1)	Pas_pyrG(1)	Pas_recA(5)	Pas_rplB(1)	Pas_rpoB(1)
ERR4999562	abaumannii_2	1	Pas_cpn60(1)	Pas_fusA(1)	Pas_gltA(1)	Pas_pyrG(1)	Pas_recA(5)	Pas_rplB(1)	Pas_rpoB(1)
ERR4999563	abaumannii_2	25	Pas_cpn60(3)	Pas_fusA(3)	Pas_gltA(2)	Pas_pyrG(4)	Pas_recA(7)	Pas_rplB(2)	Pas_rpoB(4)
ERR4999564	abaumannii_2	602	Pas_cpn60(12)	Pas_fusA(100)	Pas_gltA(2)	Pas_pyrG(2)	Pas_recA(29)	Pas_rplB(1)	Pas_rpoB(4)
ERR4999566	abaumannii_2	25	Pas_cpn60(3)	Pas_fusA(3)	Pas_gltA(2)	Pas_pyrG(4)	Pas_recA(7)	Pas_rplB(2)	Pas_rpoB(4)
ERR4999567	abaumannii_2	1	Pas_cpn60(1)	Pas_fusA(1)	Pas_gltA(1)	Pas_pyrG(1)	Pas_recA(5)	Pas_rplB(1)	Pas_rpoB(1)
ERR4999568	abaumannii_2	25	Pas_cpn60(3)	Pas_fusA(3)	Pas_gltA(2)	Pas_pyrG(4)	Pas_recA(7)	Pas_rplB(2)	Pas_rpoB(4)
ERR4999569	abaumannii_2	2	Pas_cpn60(2)	Pas_fusA(2)	Pas_gltA(2)	Pas_pyrG(2)	Pas_recA(2)	Pas_rplB(2)	Pas_rpoB(2)
ERR4999570	abaumannii_2	136	Pas_cpn60(3)	Pas_fusA(2)	Pas_gltA(19)	Pas_pyrG(25)	Pas_recA(5)	Pas_rplB(2)	Pas_rpoB(5)
ERR4999571	abaumannii_2	2	Pas_cpn60(2)	Pas_fusA(2)	Pas_gltA(2)	Pas_pyrG(2)	Pas_recA(2)	Pas_rplB(2)	Pas_rpoB(2)
ERR4999572	abaumannii_2	2	Pas_cpn60(2)	Pas_fusA(2)	Pas_gltA(2)	Pas_pyrG(2)	Pas_recA(2)	Pas_rplB(2)	Pas_rpoB(2)
ERR4999574	abaumannii_2	602	Pas_cpn60(12)	Pas_fusA(100)	Pas_gltA(2)	Pas_pyrG(2)	Pas_recA(29)	Pas_rplB(1)	Pas_rpoB(4)
ERR4999575	abaumannii_2	136	Pas_cpn60(3)	Pas_fusA(2)	Pas_gltA(19)	Pas_pyrG(25)	Pas_recA(5)	Pas_rplB(2)	Pas_rpoB(5)
ERR4999577	abaumannii_2	-	Pas_cpn60(3)	Pas_fusA(2?)	Pas_gltA(19)	Pas_pyrG(25)	Pas_recA(5)	Pas_rplB(2)	Pas_rpoB(5)
ERR5000113	abaumannii_2	25	Pas_cpn60(3)	Pas_fusA(3)	Pas_gltA(2)	Pas_pyrG(4)	Pas_recA(7)	Pas_rplB(2)	Pas_rpoB(4)
ERR5000114	abaumannii_2	2	Pas_cpn60(2)	Pas_fusA(2)	Pas_gltA(2)	Pas_pyrG(2)	Pas_recA(2)	Pas_rplB(2)	Pas_rpoB(2)
ERR5000123	abaumannii_2	136	Pas_cpn60(3)	Pas_fusA(2)	Pas_gltA(19)	Pas_pyrG(25)	Pas_recA(5)	Pas_rplB(2)	Pas_rpoB(5)
ERR5000189	abaumannii_2	2	Pas_cpn60(2)	Pas_fusA(2)	Pas_gltA(2)	Pas_pyrG(2)	Pas_recA(2)	Pas_rplB(2)	Pas_rpoB(2)
ERR5000190	abaumannii_2	2	Pas_cpn60(2)	Pas_fusA(2)	Pas_gltA(2)	Pas_pyrG(2)	Pas_recA(2)	Pas_rplB(2)	Pas_rpoB(2)
ERR5000204	abaumannii_2	136	Pas_cpn60(3)	Pas_fusA(2)	Pas_gltA(19)	Pas_pyrG(25)	Pas_recA(5)	Pas_rplB(2)	Pas_rpoB(5)
ERR5205865	abaumannii_2	2	Pas_cpn60(2)	Pas_fusA(2)	Pas_gltA(2)	Pas_pyrG(2)	Pas_recA(2)	Pas_rplB(2)	Pas_rpoB(2)
ERR5205866	abaumannii_2	2	Pas_cpn60(2)	Pas_fusA(2)	Pas_gltA(2)	Pas_pyrG(2)	Pas_recA(2)	Pas_rplB(2)	Pas_rpoB(2)
ERR5205867	abaumannii_2	158	Pas_cpn60(41)	Pas_fusA(42)	Pas_gltA(13)	Pas_pyrG(1)	Pas_recA(5)	Pas_rplB(4)	Pas_rpoB(14)
ERR5205868	abaumannii_2	2	Pas_cpn60(2)	Pas_fusA(2)	Pas_gltA(2)	Pas_pyrG(2)	Pas_recA(2)	Pas_rplB(2)	Pas_rpoB(2)
ERR5205869	abaumannii_2	2	Pas_cpn60(2)	Pas_fusA(2)	Pas_gltA(2)	Pas_pyrG(2)	Pas_recA(2)	Pas_rplB(2)	Pas_rpoB(2)
ERR5205871	abaumannii_2	2	Pas_cpn60(2)	Pas_fusA(2)	Pas_gltA(2)	Pas_pyrG(2)	Pas_recA(2)	Pas_rplB(2)	Pas_rpoB(2)
ERR6938061	abaumannii_2	149	Pas_cpn60(3)	Pas_fusA(12)	Pas_gltA(11)	Pas_pyrG(2)	Pas_recA(14)	Pas_rplB(9)	Pas_rpoB(14)
ERR6938074	abaumannii_2	1866	Pas_cpn60(8)	Pas_fusA(1)	Pas_gltA(5)	Pas_pyrG(26)	Pas_recA(42)	Pas_rplB(2)	Pas_rpoB(3)
ERR6938077	abaumannii_2	409	Pas_cpn60(1)	Pas_fusA(1)	Pas_gltA(1)	Pas_pyrG(1)	Pas_recA(2)	Pas_rplB(1)	Pas_rpoB(1)
ERR6938084	abaumannii_2	16	Pas_cpn60(7)	Pas_fusA(7)	Pas_gltA(2)	Pas_pyrG(2)	Pas_recA(8)	Pas_rplB(4)	Pas_rpoB(4)
ERR6938087	abaumannii_2	164	Pas_cpn60(40)	Pas_fusA(3)	Pas_gltA(7)	Pas_pyrG(2)	Pas_recA(40)	Pas_rplB(4)	Pas_rpoB(4)
ERR6938090	abaumannii_2	149	Pas_cpn60(3)	Pas_fusA(12)	Pas_gltA(11)	Pas_pyrG(2)	Pas_recA(14)	Pas_rplB(9)	Pas_rpoB(14)
ERR6938093	abaumannii_2	1866	Pas_cpn60(8)	Pas_fusA(1)	Pas_gltA(5)	Pas_pyrG(26)	Pas_recA(42)	Pas_rplB(2)	Pas_rpoB(3)
ERR6938096	abaumannii_2	32	Pas_cpn60(1)	Pas_fusA(1)	Pas_gltA(2)	Pas_pyrG(2)	Pas_recA(3)	Pas_rplB(4)	Pas_rpoB(4)
ERR6938099	abaumannii_2	2	Pas_cpn60(2)	Pas_fusA(2)	Pas_gltA(2)	Pas_pyrG(2)	Pas_recA(2)	Pas_rplB(2)	Pas_rpoB(2)
ERR6938111	abaumannii_2	409	Pas_cpn60(1)	Pas_fusA(1)	Pas_gltA(1)	Pas_pyrG(1)	Pas_recA(2)	Pas_rplB(1)	Pas_rpoB(1)
ERR6938114	abaumannii_2	149	Pas_cpn60(3)	Pas_fusA(12)	Pas_gltA(11)	Pas_pyrG(2)	Pas_recA(14)	Pas_rplB(9)	Pas_rpoB(14)
ERR6938153	abaumannii_2	203	Pas_cpn60(3)	Pas_fusA(4)	Pas_gltA(2)	Pas_pyrG(2)	Pas_recA(7)	Pas_rplB(1)	Pas_rpoB(2)
ERR6938409	abaumannii_2	85	Pas_cpn60(5)	Pas_fusA(2)	Pas_gltA(4)	Pas_pyrG(1)	Pas_recA(3)	Pas_rplB(3)	Pas_rpoB(4)
ERR6938479	abaumannii_2	267	Pas_cpn60(12)	Pas_fusA(37)	Pas_gltA(2)	Pas_pyrG(2)	Pas_recA(3)	Pas_rplB(2)	Pas_rpoB(14)
ERR6938729	abaumannii_2	25	Pas_cpn60(3)	Pas_fusA(3)	Pas_gltA(2)	Pas_pyrG(4)	Pas_recA(7)	Pas_rplB(2)	Pas_rpoB(4)
ERR6938731	abaumannii_2	25	Pas_cpn60(3)	Pas_fusA(3)	Pas_gltA(2)	Pas_pyrG(4)	Pas_recA(7)	Pas_rplB(2)	Pas_rpoB(4)
ERR6938732	abaumannii_2	25	Pas_cpn60(3)	Pas_fusA(3)	Pas_gltA(2)	Pas_pyrG(4)	Pas_recA(7)	Pas_rplB(2)	Pas_rpoB(4)
ERR6938733	abaumannii_2	85	Pas_cpn60(5)	Pas_fusA(2)	Pas_gltA(4)	Pas_pyrG(1)	Pas_recA(3)	Pas_rplB(3)	Pas_rpoB(4)
ERR6938734	abaumannii_2	10	Pas_cpn60(1)	Pas_fusA(3)	Pas_gltA(2)	Pas_pyrG(1)	Pas_recA(4)	Pas_rplB(4)	Pas_rpoB(4)
ERR6938735	abaumannii_2	10	Pas_cpn60(1)	Pas_fusA(3)	Pas_gltA(2)	Pas_pyrG(1)	Pas_recA(4)	Pas_rplB(4)	Pas_rpoB(4)
ERR6938736	abaumannii_2	10	Pas_cpn60(1)	Pas_fusA(3)	Pas_gltA(2)	Pas_pyrG(1)	Pas_recA(4)	Pas_rplB(4)	Pas_rpoB(4)
ERR6938738	abaumannii_2	-	Pas_cpn60(1,415)	Pas_fusA(~394)	Pas_gltA(1,384)	Pas_pyrG(1,215)	Pas_recA(5,334)	Pas_rplB(117)	Pas_rpoB(1)
ERR6938739	abaumannii_2	16	Pas_cpn60(7)	Pas_fusA(7)	Pas_gltA(2)	Pas_pyrG(2)	Pas_recA(8)	Pas_rplB(4)	Pas_rpoB(4)
ERR6938740	abaumannii_2	16	Pas_cpn60(7)	Pas_fusA(7)	Pas_gltA(2)	Pas_pyrG(2)	Pas_recA(8)	Pas_rplB(4)	Pas_rpoB(4)
ERR6938741	abaumannii_2	267	Pas_cpn60(12)	Pas_fusA(37)	Pas_gltA(2)	Pas_pyrG(2)	Pas_recA(3)	Pas_rplB(2)	Pas_rpoB(14)
ERR6938743	abaumannii_2	267	Pas_cpn60(12)	Pas_fusA(37)	Pas_gltA(2)	Pas_pyrG(2)	Pas_recA(3)	Pas_rplB(2)	Pas_rpoB(14)
ERR6938745	abaumannii_2	85	Pas_cpn60(5)	Pas_fusA(2)	Pas_gltA(4)	Pas_pyrG(1)	Pas_recA(3)	Pas_rplB(3)	Pas_rpoB(4)
ERR6938749	abaumannii_2	85	Pas_cpn60(5)	Pas_fusA(2)	Pas_gltA(4)	Pas_pyrG(1)	Pas_recA(3)	Pas_rplB(3)	Pas_rpoB(4)
ERR6938913	abaumannii_2	1866	Pas_cpn60(8)	Pas_fusA(1)	Pas_gltA(5)	Pas_pyrG(26)	Pas_recA(42)	Pas_rplB(2)	Pas_rpoB(3)
ERR6938928	abaumannii_2	1	Pas_cpn60(1)	Pas_fusA(1)	Pas_gltA(1)	Pas_pyrG(1)	Pas_recA(5)	Pas_rplB(1)	Pas_rpoB(1)
ERR6938929	abaumannii_2	1	Pas_cpn60(1)	Pas_fusA(1)	Pas_gltA(1)	Pas_pyrG(1)	Pas_recA(5)	Pas_rplB(1)	Pas_rpoB(1)
ERR6938931	abaumannii_2	1	Pas_cpn60(1)	Pas_fusA(1)	Pas_gltA(1)	Pas_pyrG(1)	Pas_recA(5)	Pas_rplB(1)	Pas_rpoB(1)
ERR7226293	abaumannii_2	1910	Pas_cpn60(39)	Pas_fusA(2)	Pas_gltA(2)	Pas_pyrG(2)	Pas_recA(361)	Pas_rplB(27)	Pas_rpoB(4)
ERR7226295	abaumannii_2	338	Pas_cpn60(8)	Pas_fusA(5)	Pas_gltA(5)	Pas_pyrG(26)	Pas_recA(13)	Pas_rplB(1)	Pas_rpoB(2)
ERR7226554	abaumannii_2	1	Pas_cpn60(1)	Pas_fusA(1)	Pas_gltA(1)	Pas_pyrG(1)	Pas_recA(5)	Pas_rplB(1)	Pas_rpoB(1)
ERR7226556	abaumannii_2	1	Pas_cpn60(1)	Pas_fusA(1)	Pas_gltA(1)	Pas_pyrG(1)	Pas_recA(5)	Pas_rplB(1)	Pas_rpoB(1)
ERR7226586	abaumannii_2	821	Pas_cpn60(12)	Pas_fusA(100)	Pas_gltA(2)	Pas_pyrG(2)	Pas_recA(9)	Pas_rplB(1)	Pas_rpoB(52)
ERR7226588	abaumannii_2	1904	Pas_cpn60(8)	Pas_fusA(1)	Pas_gltA(5)	Pas_pyrG(3)	Pas_recA(6)	Pas_rplB(1)	Pas_rpoB(3)
ERR7226590	abaumannii_2	2	Pas_cpn60(2)	Pas_fusA(2)	Pas_gltA(2)	Pas_pyrG(2)	Pas_recA(2)	Pas_rplB(2)	Pas_rpoB(2)
ERR7226592	abaumannii_2	2	Pas_cpn60(2)	Pas_fusA(2)	Pas_gltA(2)	Pas_pyrG(2)	Pas_recA(2)	Pas_rplB(2)	Pas_rpoB(2)
ERR7226594	abaumannii_2	2	Pas_cpn60(2)	Pas_fusA(2)	Pas_gltA(2)	Pas_pyrG(2)	Pas_recA(2)	Pas_rplB(2)	Pas_rpoB(2)
ERR7226612	abaumannii_2	2	Pas_cpn60(2)	Pas_fusA(2)	Pas_gltA(2)	Pas_pyrG(2)	Pas_recA(2)	Pas_rplB(2)	Pas_rpoB(2)
ERR7226614	abaumannii_2	107	Pas_cpn60(34)	Pas_fusA(35)	Pas_gltA(37)	Pas_pyrG(1)	Pas_recA(5)	Pas_rplB(6)	Pas_rpoB(36)
ERR7226616	abaumannii_2	25	Pas_cpn60(3)	Pas_fusA(3)	Pas_gltA(2)	Pas_pyrG(4)	Pas_recA(7)	Pas_rplB(2)	Pas_rpoB(4)
ERR7226618	abaumannii_2	52	Pas_cpn60(3)	Pas_fusA(2)	Pas_gltA(2)	Pas_pyrG(7)	Pas_recA(9)	Pas_rplB(1)	Pas_rpoB(5)
ERR7226620	abaumannii_2	821	Pas_cpn60(12)	Pas_fusA(100)	Pas_gltA(2)	Pas_pyrG(2)	Pas_recA(9)	Pas_rplB(1)	Pas_rpoB(52)
ERR7226622	abaumannii_2	821	Pas_cpn60(12)	Pas_fusA(100)	Pas_gltA(2)	Pas_pyrG(2)	Pas_recA(9)	Pas_rplB(1)	Pas_rpoB(52)
ERR7226626	abaumannii_2	164	Pas_cpn60(40)	Pas_fusA(3)	Pas_gltA(7)	Pas_pyrG(2)	Pas_recA(40)	Pas_rplB(4)	Pas_rpoB(4)
ERR7226644	abaumannii_2	471	Pas_cpn60(1)	Pas_fusA(3)	Pas_gltA(13)	Pas_pyrG(2)	Pas_recA(2)	Pas_rplB(1)	Pas_rpoB(4)
ERR7226646	abaumannii_2	164	Pas_cpn60(40)	Pas_fusA(3)	Pas_gltA(7)	Pas_pyrG(2)	Pas_recA(40)	Pas_rplB(4)	Pas_rpoB(4)
ERR7226648	abaumannii_2	1905	Pas_cpn60(3)	Pas_fusA(1)	Pas_gltA(2)	Pas_pyrG(1)	Pas_recA(3)	Pas_rplB(4)	Pas_rpoB(4)
ERR7226650	abaumannii_2	1470	Pas_cpn60(3)	Pas_fusA(69)	Pas_gltA(11)	Pas_pyrG(2)	Pas_recA(9)	Pas_rplB(2)	Pas_rpoB(2)
ERR7226654	abaumannii_2	1909	Pas_cpn60(369)	Pas_fusA(3)	Pas_gltA(7)	Pas_pyrG(2)	Pas_recA(40)	Pas_rplB(4)	Pas_rpoB(4)
ERR7226656	abaumannii_2	1910	Pas_cpn60(39)	Pas_fusA(2)	Pas_gltA(2)	Pas_pyrG(2)	Pas_recA(361)	Pas_rplB(27)	Pas_rpoB(4)
ERR7226658	abaumannii_2	1910	Pas_cpn60(39)	Pas_fusA(2)	Pas_gltA(2)	Pas_pyrG(2)	Pas_recA(361)	Pas_rplB(27)	Pas_rpoB(4)
ERR7226676	abaumannii_2	85	Pas_cpn60(5)	Pas_fusA(2)	Pas_gltA(4)	Pas_pyrG(1)	Pas_recA(3)	Pas_rplB(3)	Pas_rpoB(4)
ERR7226678	abaumannii_2	1910	Pas_cpn60(39)	Pas_fusA(2)	Pas_gltA(2)	Pas_pyrG(2)	Pas_recA(361)	Pas_rplB(27)	Pas_rpoB(4)
ERR7226680	abaumannii_2	1906	Pas_cpn60(1)	Pas_fusA(2)	Pas_gltA(13)	Pas_pyrG(2)	Pas_recA(42)	Pas_rplB(4)	Pas_rpoB(4)
ERR7226688	abaumannii_2	1828	Pas_cpn60(3)	Pas_fusA(2)	Pas_gltA(2)	Pas_pyrG(2)	Pas_recA(7)	Pas_rplB(2)	Pas_rpoB(2)
ERR7226690	abaumannii_2	1828	Pas_cpn60(3)	Pas_fusA(2)	Pas_gltA(2)	Pas_pyrG(2)	Pas_recA(7)	Pas_rplB(2)	Pas_rpoB(2)
ERR8024946	abaumannii_2	1136	Pas_cpn60(8)	Pas_fusA(1)	Pas_gltA(5)	Pas_pyrG(26)	Pas_recA(13)	Pas_rplB(2)	Pas_rpoB(3)
ERR8024947	abaumannii_2	109	Pas_cpn60(26)	Pas_fusA(4)	Pas_gltA(2)	Pas_pyrG(2)	Pas_recA(9)	Pas_rplB(1)	Pas_rpoB(5)
ERR8024950	abaumannii_2	109	Pas_cpn60(26)	Pas_fusA(4)	Pas_gltA(2)	Pas_pyrG(2)	Pas_recA(9)	Pas_rplB(1)	Pas_rpoB(5)
ERR8024951	abaumannii_2	109	Pas_cpn60(26)	Pas_fusA(4)	Pas_gltA(2)	Pas_pyrG(2)	Pas_recA(9)	Pas_rplB(1)	Pas_rpoB(5)
ERR8024959	abaumannii_2	132	Pas_cpn60(3)	Pas_fusA(5)	Pas_gltA(5)	Pas_pyrG(1)	Pas_recA(7)	Pas_rplB(1)	Pas_rpoB(4)
SRR10583096	abaumannii_2	10	Pas_cpn60(1)	Pas_fusA(3)	Pas_gltA(2)	Pas_pyrG(1)	Pas_recA(4)	Pas_rplB(4)	Pas_rpoB(4)
SRR11514880	abaumannii_2	388	Pas_cpn60(1)	Pas_fusA(62)	Pas_gltA(3)	Pas_pyrG(2)	Pas_recA(40)	Pas_rplB(4)	Pas_rpoB(4)
SRR11589174	abaumannii_2	2	Pas_cpn60(2)	Pas_fusA(2)	Pas_gltA(2)	Pas_pyrG(2)	Pas_recA(2)	Pas_rplB(2)	Pas_rpoB(2)
SRR11589267	abaumannii_2	243	Pas_cpn60(3)	Pas_fusA(3)	Pas_gltA(2)	Pas_pyrG(2)	Pas_recA(9)	Pas_rplB(2)	Pas_rpoB(4)
SRR12905336	abaumannii_2	25	Pas_cpn60(3)	Pas_fusA(3)	Pas_gltA(2)	Pas_pyrG(4)	Pas_recA(7)	Pas_rplB(2)	Pas_rpoB(4)
SRR12905337	abaumannii_2	602	Pas_cpn60(12)	Pas_fusA(100)	Pas_gltA(2)	Pas_pyrG(2)	Pas_recA(29)	Pas_rplB(1)	Pas_rpoB(4)
SRR12905338	abaumannii_2	2	Pas_cpn60(2)	Pas_fusA(2)	Pas_gltA(2)	Pas_pyrG(2)	Pas_recA(2)	Pas_rplB(2)	Pas_rpoB(2)
SRR12905341	abaumannii_2	2	Pas_cpn60(2)	Pas_fusA(2)	Pas_gltA(2)	Pas_pyrG(2)	Pas_recA(2)	Pas_rplB(2)	Pas_rpoB(2)
SRR13327178	abaumannii_2	2	Pas_cpn60(2)	Pas_fusA(2)	Pas_gltA(2)	Pas_pyrG(2)	Pas_recA(2)	Pas_rplB(2)	Pas_rpoB(2)
SRR13327179	abaumannii_2	2	Pas_cpn60(2)	Pas_fusA(2)	Pas_gltA(2)	Pas_pyrG(2)	Pas_recA(2)	Pas_rplB(2)	Pas_rpoB(2)
SRR13327181	abaumannii_2	1	Pas_cpn60(1)	Pas_fusA(1)	Pas_gltA(1)	Pas_pyrG(1)	Pas_recA(5)	Pas_rplB(1)	Pas_rpoB(1)
SRR13327185	abaumannii_2	1	Pas_cpn60(1)	Pas_fusA(1)	Pas_gltA(1)	Pas_pyrG(1)	Pas_recA(5)	Pas_rplB(1)	Pas_rpoB(1)
SRR13327186	abaumannii_2	2	Pas_cpn60(2)	Pas_fusA(2)	Pas_gltA(2)	Pas_pyrG(2)	Pas_recA(2)	Pas_rplB(2)	Pas_rpoB(2)
SRR13327187	abaumannii_2	1	Pas_cpn60(1)	Pas_fusA(1)	Pas_gltA(1)	Pas_pyrG(1)	Pas_recA(5)	Pas_rplB(1)	Pas_rpoB(1)
SRR13327189	abaumannii_2	1	Pas_cpn60(1)	Pas_fusA(1)	Pas_gltA(1)	Pas_pyrG(1)	Pas_recA(5)	Pas_rplB(1)	Pas_rpoB(1)
SRR13327190	abaumannii_2	1	Pas_cpn60(1)	Pas_fusA(1)	Pas_gltA(1)	Pas_pyrG(1)	Pas_recA(5)	Pas_rplB(1)	Pas_rpoB(1)
SRR13327191	abaumannii_2	1	Pas_cpn60(1)	Pas_fusA(1)	Pas_gltA(1)	Pas_pyrG(1)	Pas_recA(5)	Pas_rplB(1)	Pas_rpoB(1)
SRR13327192	abaumannii_2	113	Pas_cpn60(3)	Pas_fusA(3)	Pas_gltA(3)	Pas_pyrG(4)	Pas_recA(7)	Pas_rplB(4)	Pas_rpoB(4)
SRR13327193	abaumannii_2	2	Pas_cpn60(2)	Pas_fusA(2)	Pas_gltA(2)	Pas_pyrG(2)	Pas_recA(2)	Pas_rplB(2)	Pas_rpoB(2)
SRR13327194	abaumannii_2	113	Pas_cpn60(3)	Pas_fusA(3)	Pas_gltA(3)	Pas_pyrG(4)	Pas_recA(7)	Pas_rplB(4)	Pas_rpoB(4)
SRR13327196	abaumannii_2	-	Pas_cpn60(2)	Pas_fusA(~49)	Pas_gltA(2)	Pas_pyrG(2)	Pas_recA(2)	Pas_rplB(2)	Pas_rpoB(2)
SRR13327198	abaumannii_2	-	Pas_cpn60(1)	Pas_fusA(~1)	Pas_gltA(1)	Pas_pyrG(1)	Pas_recA(5)	Pas_rplB(1)	Pas_rpoB(1)
SRR13327199	abaumannii_2	570	Pas_cpn60(2)	Pas_fusA(2)	Pas_gltA(2)	Pas_pyrG(2)	Pas_recA(2)	Pas_rplB(2)	Pas_rpoB(4)
SRR13327200	abaumannii_2	1	Pas_cpn60(1)	Pas_fusA(1)	Pas_gltA(1)	Pas_pyrG(1)	Pas_recA(5)	Pas_rplB(1)	Pas_rpoB(1)
SRR13327201	abaumannii_2	1	Pas_cpn60(1)	Pas_fusA(1)	Pas_gltA(1)	Pas_pyrG(1)	Pas_recA(5)	Pas_rplB(1)	Pas_rpoB(1)
SRR13327203	abaumannii_2	1	Pas_cpn60(1)	Pas_fusA(1)	Pas_gltA(1)	Pas_pyrG(1)	Pas_recA(5)	Pas_rplB(1)	Pas_rpoB(1)
SRR13327204	abaumannii_2	1	Pas_cpn60(1)	Pas_fusA(1)	Pas_gltA(1)	Pas_pyrG(1)	Pas_recA(5)	Pas_rplB(1)	Pas_rpoB(1)
SRR13327205	abaumannii_2	2	Pas_cpn60(2)	Pas_fusA(2)	Pas_gltA(2)	Pas_pyrG(2)	Pas_recA(2)	Pas_rplB(2)	Pas_rpoB(2)
SRR13327206	abaumannii_2	1	Pas_cpn60(1)	Pas_fusA(1)	Pas_gltA(1)	Pas_pyrG(1)	Pas_recA(5)	Pas_rplB(1)	Pas_rpoB(1)
SRR13327207	abaumannii_2	1	Pas_cpn60(1)	Pas_fusA(1)	Pas_gltA(1)	Pas_pyrG(1)	Pas_recA(5)	Pas_rplB(1)	Pas_rpoB(1)
SRR13401434	abaumannii_2	2	Pas_cpn60(2)	Pas_fusA(2)	Pas_gltA(2)	Pas_pyrG(2)	Pas_recA(2)	Pas_rplB(2)	Pas_rpoB(2)
SRR13430624	abaumannii_2	2	Pas_cpn60(2)	Pas_fusA(2)	Pas_gltA(2)	Pas_pyrG(2)	Pas_recA(2)	Pas_rplB(2)	Pas_rpoB(2)
SRR13430625	abaumannii_2	2	Pas_cpn60(2)	Pas_fusA(2)	Pas_gltA(2)	Pas_pyrG(2)	Pas_recA(2)	Pas_rplB(2)	Pas_rpoB(2)
SRR13430626	abaumannii_2	113	Pas_cpn60(3)	Pas_fusA(3)	Pas_gltA(3)	Pas_pyrG(4)	Pas_recA(7)	Pas_rplB(4)	Pas_rpoB(4)
SRR13430627	abaumannii_2	85	Pas_cpn60(5)	Pas_fusA(2)	Pas_gltA(4)	Pas_pyrG(1)	Pas_recA(3)	Pas_rplB(3)	Pas_rpoB(4)
SRR14100602	abaumannii_2	85	Pas_cpn60(5)	Pas_fusA(2)	Pas_gltA(4)	Pas_pyrG(1)	Pas_recA(3)	Pas_rplB(3)	Pas_rpoB(4)
SRR14101519	abaumannii_2	-	Pas_cpn60(3)	Pas_fusA(3)	Pas_gltA(~3)	Pas_pyrG(4)	Pas_recA(7)	Pas_rplB(4)	Pas_rpoB(4)
SRR14101547	abaumannii_2	19	Pas_cpn60(1)	Pas_fusA(2)	Pas_gltA(1)	Pas_pyrG(1)	Pas_recA(5)	Pas_rplB(1)	Pas_rpoB(1)
SRR14101709	abaumannii_2	2	Pas_cpn60(2)	Pas_fusA(2)	Pas_gltA(2)	Pas_pyrG(2)	Pas_recA(2)	Pas_rplB(2)	Pas_rpoB(2)
SRR14101949	abaumannii_2	19	Pas_cpn60(1)	Pas_fusA(2)	Pas_gltA(1)	Pas_pyrG(1)	Pas_recA(5)	Pas_rplB(1)	Pas_rpoB(1)
SRR14102219	abaumannii_2	2	Pas_cpn60(2)	Pas_fusA(2)	Pas_gltA(2)	Pas_pyrG(2)	Pas_recA(2)	Pas_rplB(2)	Pas_rpoB(2)
SRR14102306	abaumannii_2	2	Pas_cpn60(2)	Pas_fusA(2)	Pas_gltA(2)	Pas_pyrG(2)	Pas_recA(2)	Pas_rplB(2)	Pas_rpoB(2)
SRR14102521	abaumannii_2	85	Pas_cpn60(5)	Pas_fusA(2)	Pas_gltA(4)	Pas_pyrG(1)	Pas_recA(3)	Pas_rplB(3)	Pas_rpoB(4)
SRR14116705	abaumannii_2	164	Pas_cpn60(40)	Pas_fusA(3)	Pas_gltA(7)	Pas_pyrG(2)	Pas_recA(40)	Pas_rplB(4)	Pas_rpoB(4)
SRR14116736	abaumannii_2	570	Pas_cpn60(2)	Pas_fusA(2)	Pas_gltA(2)	Pas_pyrG(2)	Pas_recA(2)	Pas_rplB(2)	Pas_rpoB(4)
SRR14280111	abaumannii_2	107	Pas_cpn60(34)	Pas_fusA(35)	Pas_gltA(37)	Pas_pyrG(1)	Pas_recA(5)	Pas_rplB(6)	Pas_rpoB(36)
SRR14455652	abaumannii_2	1	Pas_cpn60(1)	Pas_fusA(1)	Pas_gltA(1)	Pas_pyrG(1)	Pas_recA(5)	Pas_rplB(1)	Pas_rpoB(1)
SRR17931033	abaumannii_2	2	Pas_cpn60(2)	Pas_fusA(2)	Pas_gltA(2)	Pas_pyrG(2)	Pas_recA(2)	Pas_rplB(2)	Pas_rpoB(2)
SRR17931048	abaumannii_2	54	Pas_cpn60(12)	Pas_fusA(3)	Pas_gltA(18)	Pas_pyrG(2)	Pas_recA(17)	Pas_rplB(4)	Pas_rpoB(5)
SRR17931144	abaumannii_2	1	Pas_cpn60(1)	Pas_fusA(1)	Pas_gltA(1)	Pas_pyrG(1)	Pas_recA(5)	Pas_rplB(1)	Pas_rpoB(1)
SRR17931145	abaumannii_2	1	Pas_cpn60(1)	Pas_fusA(1)	Pas_gltA(1)	Pas_pyrG(1)	Pas_recA(5)	Pas_rplB(1)	Pas_rpoB(1)
SRR18114233	abaumannii_2	1	Pas_cpn60(1)	Pas_fusA(1)	Pas_gltA(1)	Pas_pyrG(1)	Pas_recA(5)	Pas_rplB(1)	Pas_rpoB(1)
SRR19107616	abaumannii_2	1	Pas_cpn60(1)	Pas_fusA(1)	Pas_gltA(1)	Pas_pyrG(1)	Pas_recA(5)	Pas_rplB(1)	Pas_rpoB(1)
SRR25445074	abaumannii_2	2	Pas_cpn60(2)	Pas_fusA(2)	Pas_gltA(2)	Pas_pyrG(2)	Pas_recA(2)	Pas_rplB(2)	Pas_rpoB(2)
SRR25445075	abaumannii_2	2	Pas_cpn60(2)	Pas_fusA(2)	Pas_gltA(2)	Pas_pyrG(2)	Pas_recA(2)	Pas_rplB(2)	Pas_rpoB(2)
SRR25445076	abaumannii_2	2	Pas_cpn60(2)	Pas_fusA(2)	Pas_gltA(2)	Pas_pyrG(2)	Pas_recA(2)	Pas_rplB(2)	Pas_rpoB(2)
SRR25445077	abaumannii_2	2	Pas_cpn60(2)	Pas_fusA(2)	Pas_gltA(2)	Pas_pyrG(2)	Pas_recA(2)	Pas_rplB(2)	Pas_rpoB(2)
SRR25445078	abaumannii_2	2	Pas_cpn60(2)	Pas_fusA(2)	Pas_gltA(2)	Pas_pyrG(2)	Pas_recA(2)	Pas_rplB(2)	Pas_rpoB(2)
SRR25445079	abaumannii_2	2	Pas_cpn60(2)	Pas_fusA(2)	Pas_gltA(2)	Pas_pyrG(2)	Pas_recA(2)	Pas_rplB(2)	Pas_rpoB(2)
SRR25445080	abaumannii_2	2	Pas_cpn60(2)	Pas_fusA(2)	Pas_gltA(2)	Pas_pyrG(2)	Pas_recA(2)	Pas_rplB(2)	Pas_rpoB(2)
SRR25445081	abaumannii_2	2	Pas_cpn60(2)	Pas_fusA(2)	Pas_gltA(2)	Pas_pyrG(2)	Pas_recA(2)	Pas_rplB(2)	Pas_rpoB(2)
SRR25445082	abaumannii_2	2	Pas_cpn60(2)	Pas_fusA(2)	Pas_gltA(2)	Pas_pyrG(2)	Pas_recA(2)	Pas_rplB(2)	Pas_rpoB(2)
SRR25445083	abaumannii_2	85	Pas_cpn60(5)	Pas_fusA(2)	Pas_gltA(4)	Pas_pyrG(1)	Pas_recA(3)	Pas_rplB(3)	Pas_rpoB(4)
SRR25445084	abaumannii_2	2	Pas_cpn60(2)	Pas_fusA(2)	Pas_gltA(2)	Pas_pyrG(2)	Pas_recA(2)	Pas_rplB(2)	Pas_rpoB(2)
SRR25445085	abaumannii_2	2	Pas_cpn60(2)	Pas_fusA(2)	Pas_gltA(2)	Pas_pyrG(2)	Pas_recA(2)	Pas_rplB(2)	Pas_rpoB(2)
SRR25445086	abaumannii_2	2	Pas_cpn60(2)	Pas_fusA(2)	Pas_gltA(2)	Pas_pyrG(2)	Pas_recA(2)	Pas_rplB(2)	Pas_rpoB(2)
SRR25445087	abaumannii_2	2	Pas_cpn60(2)	Pas_fusA(2)	Pas_gltA(2)	Pas_pyrG(2)	Pas_recA(2)	Pas_rplB(2)	Pas_rpoB(2)
SRR25445088	abaumannii_2	2	Pas_cpn60(2)	Pas_fusA(2)	Pas_gltA(2)	Pas_pyrG(2)	Pas_recA(2)	Pas_rplB(2)	Pas_rpoB(2)
SRR25445089	abaumannii_2	2	Pas_cpn60(2)	Pas_fusA(2)	Pas_gltA(2)	Pas_pyrG(2)	Pas_recA(2)	Pas_rplB(2)	Pas_rpoB(2)
SRR25445090	abaumannii_2	2	Pas_cpn60(2)	Pas_fusA(2)	Pas_gltA(2)	Pas_pyrG(2)	Pas_recA(2)	Pas_rplB(2)	Pas_rpoB(2)
SRR25445091	abaumannii_2	2	Pas_cpn60(2)	Pas_fusA(2)	Pas_gltA(2)	Pas_pyrG(2)	Pas_recA(2)	Pas_rplB(2)	Pas_rpoB(2)
SRR25445092	abaumannii_2	2	Pas_cpn60(2)	Pas_fusA(2)	Pas_gltA(2)	Pas_pyrG(2)	Pas_recA(2)	Pas_rplB(2)	Pas_rpoB(2)
SRR25445093	abaumannii_2	2	Pas_cpn60(2)	Pas_fusA(2)	Pas_gltA(2)	Pas_pyrG(2)	Pas_recA(2)	Pas_rplB(2)	Pas_rpoB(2)
SRR25445094	abaumannii_2	85	Pas_cpn60(5)	Pas_fusA(2)	Pas_gltA(4)	Pas_pyrG(1)	Pas_recA(3)	Pas_rplB(3)	Pas_rpoB(4)
SRR25445095	abaumannii_2	2	Pas_cpn60(2)	Pas_fusA(2)	Pas_gltA(2)	Pas_pyrG(2)	Pas_recA(2)	Pas_rplB(2)	Pas_rpoB(2)
SRR25445096	abaumannii_2	2	Pas_cpn60(2)	Pas_fusA(2)	Pas_gltA(2)	Pas_pyrG(2)	Pas_recA(2)	Pas_rplB(2)	Pas_rpoB(2)
SRR25445097	abaumannii_2	2	Pas_cpn60(2)	Pas_fusA(2)	Pas_gltA(2)	Pas_pyrG(2)	Pas_recA(2)	Pas_rplB(2)	Pas_rpoB(2)
SRR25445098	abaumannii_2	2	Pas_cpn60(2)	Pas_fusA(2)	Pas_gltA(2)	Pas_pyrG(2)	Pas_recA(2)	Pas_rplB(2)	Pas_rpoB(2)
SRR25445099	abaumannii_2	2	Pas_cpn60(2)	Pas_fusA(2)	Pas_gltA(2)	Pas_pyrG(2)	Pas_recA(2)	Pas_rplB(2)	Pas_rpoB(2)
SRR25445100	abaumannii_2	2	Pas_cpn60(2)	Pas_fusA(2)	Pas_gltA(2)	Pas_pyrG(2)	Pas_recA(2)	Pas_rplB(2)	Pas_rpoB(2)
SRR25445101	abaumannii_2	2	Pas_cpn60(2)	Pas_fusA(2)	Pas_gltA(2)	Pas_pyrG(2)	Pas_recA(2)	Pas_rplB(2)	Pas_rpoB(2)
SRR25445102	abaumannii_2	2	Pas_cpn60(2)	Pas_fusA(2)	Pas_gltA(2)	Pas_pyrG(2)	Pas_recA(2)	Pas_rplB(2)	Pas_rpoB(2)
SRR25445103	abaumannii_2	2	Pas_cpn60(2)	Pas_fusA(2)	Pas_gltA(2)	Pas_pyrG(2)	Pas_recA(2)	Pas_rplB(2)	Pas_rpoB(2)
SRR25445104	abaumannii_2	2	Pas_cpn60(2)	Pas_fusA(2)	Pas_gltA(2)	Pas_pyrG(2)	Pas_recA(2)	Pas_rplB(2)	Pas_rpoB(2)
SRR25445105	abaumannii_2	85	Pas_cpn60(5)	Pas_fusA(2)	Pas_gltA(4)	Pas_pyrG(1)	Pas_recA(3)	Pas_rplB(3)	Pas_rpoB(4)
SRR25445106	abaumannii_2	2	Pas_cpn60(2)	Pas_fusA(2)	Pas_gltA(2)	Pas_pyrG(2)	Pas_recA(2)	Pas_rplB(2)	Pas_rpoB(2)
SRR25445107	abaumannii_2	2	Pas_cpn60(2)	Pas_fusA(2)	Pas_gltA(2)	Pas_pyrG(2)	Pas_recA(2)	Pas_rplB(2)	Pas_rpoB(2)
SRR25445108	abaumannii_2	2	Pas_cpn60(2)	Pas_fusA(2)	Pas_gltA(2)	Pas_pyrG(2)	Pas_recA(2)	Pas_rplB(2)	Pas_rpoB(2)
SRR25445109	abaumannii_2	2	Pas_cpn60(2)	Pas_fusA(2)	Pas_gltA(2)	Pas_pyrG(2)	Pas_recA(2)	Pas_rplB(2)	Pas_rpoB(2)
SRR25445110	abaumannii_2	2	Pas_cpn60(2)	Pas_fusA(2)	Pas_gltA(2)	Pas_pyrG(2)	Pas_recA(2)	Pas_rplB(2)	Pas_rpoB(2)
SRR25445111	abaumannii_2	2	Pas_cpn60(2)	Pas_fusA(2)	Pas_gltA(2)	Pas_pyrG(2)	Pas_recA(2)	Pas_rplB(2)	Pas_rpoB(2)
SRR25445112	abaumannii_2	2	Pas_cpn60(2)	Pas_fusA(2)	Pas_gltA(2)	Pas_pyrG(2)	Pas_recA(2)	Pas_rplB(2)	Pas_rpoB(2)
SRR25445113	abaumannii_2	2	Pas_cpn60(2)	Pas_fusA(2)	Pas_gltA(2)	Pas_pyrG(2)	Pas_recA(2)	Pas_rplB(2)	Pas_rpoB(2)
SRR25445114	abaumannii_2	2	Pas_cpn60(2)	Pas_fusA(2)	Pas_gltA(2)	Pas_pyrG(2)	Pas_recA(2)	Pas_rplB(2)	Pas_rpoB(2)
SRR25445115	abaumannii_2	2	Pas_cpn60(2)	Pas_fusA(2)	Pas_gltA(2)	Pas_pyrG(2)	Pas_recA(2)	Pas_rplB(2)	Pas_rpoB(2)
SRR25445116	abaumannii_2	85	Pas_cpn60(5)	Pas_fusA(2)	Pas_gltA(4)	Pas_pyrG(1)	Pas_recA(3)	Pas_rplB(3)	Pas_rpoB(4)
SRR25445117	abaumannii_2	2	Pas_cpn60(2)	Pas_fusA(2)	Pas_gltA(2)	Pas_pyrG(2)	Pas_recA(2)	Pas_rplB(2)	Pas_rpoB(2)
SRR25445118	abaumannii_2	2	Pas_cpn60(2)	Pas_fusA(2)	Pas_gltA(2)	Pas_pyrG(2)	Pas_recA(2)	Pas_rplB(2)	Pas_rpoB(2)
SRR25445119	abaumannii_2	2	Pas_cpn60(2)	Pas_fusA(2)	Pas_gltA(2)	Pas_pyrG(2)	Pas_recA(2)	Pas_rplB(2)	Pas_rpoB(2)
SRR25445120	abaumannii_2	2	Pas_cpn60(2)	Pas_fusA(2)	Pas_gltA(2)	Pas_pyrG(2)	Pas_recA(2)	Pas_rplB(2)	Pas_rpoB(2)
SRR25445121	abaumannii_2	2	Pas_cpn60(2)	Pas_fusA(2)	Pas_gltA(2)	Pas_pyrG(2)	Pas_recA(2)	Pas_rplB(2)	Pas_rpoB(2)
SRR25445122	abaumannii_2	2	Pas_cpn60(2)	Pas_fusA(2)	Pas_gltA(2)	Pas_pyrG(2)	Pas_recA(2)	Pas_rplB(2)	Pas_rpoB(2)
SRR25445123	abaumannii_2	2	Pas_cpn60(2)	Pas_fusA(2)	Pas_gltA(2)	Pas_pyrG(2)	Pas_recA(2)	Pas_rplB(2)	Pas_rpoB(2)
SRR25445124	abaumannii_2	2	Pas_cpn60(2)	Pas_fusA(2)	Pas_gltA(2)	Pas_pyrG(2)	Pas_recA(2)	Pas_rplB(2)	Pas_rpoB(2)
SRR25445125	abaumannii_2	2	Pas_cpn60(2)	Pas_fusA(2)	Pas_gltA(2)	Pas_pyrG(2)	Pas_recA(2)	Pas_rplB(2)	Pas_rpoB(2)
SRR25445126	abaumannii_2	2	Pas_cpn60(2)	Pas_fusA(2)	Pas_gltA(2)	Pas_pyrG(2)	Pas_recA(2)	Pas_rplB(2)	Pas_rpoB(2)
SRR25445127	abaumannii_2	85	Pas_cpn60(5)	Pas_fusA(2)	Pas_gltA(4)	Pas_pyrG(1)	Pas_recA(3)	Pas_rplB(3)	Pas_rpoB(4)
SRR25445128	abaumannii_2	85	Pas_cpn60(5)	Pas_fusA(2)	Pas_gltA(4)	Pas_pyrG(1)	Pas_recA(3)	Pas_rplB(3)	Pas_rpoB(4)
SRR28167554	abaumannii_2	1	Pas_cpn60(1)	Pas_fusA(1)	Pas_gltA(1)	Pas_pyrG(1)	Pas_recA(5)	Pas_rplB(1)	Pas_rpoB(1)
SRR28167555	abaumannii_2	1	Pas_cpn60(1)	Pas_fusA(1)	Pas_gltA(1)	Pas_pyrG(1)	Pas_recA(5)	Pas_rplB(1)	Pas_rpoB(1)
SRR28167556	abaumannii_2	1	Pas_cpn60(1)	Pas_fusA(1)	Pas_gltA(1)	Pas_pyrG(1)	Pas_recA(5)	Pas_rplB(1)	Pas_rpoB(1)
SRR28167557	abaumannii_2	152	Pas_cpn60(8)	Pas_fusA(1)	Pas_gltA(5)	Pas_pyrG(3)	Pas_recA(6)	Pas_rplB(2)	Pas_rpoB(3)
SRR28167558	abaumannii_2	193	Pas_cpn60(3)	Pas_fusA(1)	Pas_gltA(7)	Pas_pyrG(1)	Pas_recA(7)	Pas_rplB(2)	Pas_rpoB(4)
SRR28167559	abaumannii_2	1	Pas_cpn60(1)	Pas_fusA(1)	Pas_gltA(1)	Pas_pyrG(1)	Pas_recA(5)	Pas_rplB(1)	Pas_rpoB(1)
SRR28167560	abaumannii_2	1	Pas_cpn60(1)	Pas_fusA(1)	Pas_gltA(1)	Pas_pyrG(1)	Pas_recA(5)	Pas_rplB(1)	Pas_rpoB(1)
SRR28167561	abaumannii_2	1	Pas_cpn60(1)	Pas_fusA(1)	Pas_gltA(1)	Pas_pyrG(1)	Pas_recA(5)	Pas_rplB(1)	Pas_rpoB(1)
SRR28167562	abaumannii_2	1	Pas_cpn60(1)	Pas_fusA(1)	Pas_gltA(1)	Pas_pyrG(1)	Pas_recA(5)	Pas_rplB(1)	Pas_rpoB(1)
SRR28167563	abaumannii_2	976	Pas_cpn60(6)	Pas_fusA(3)	Pas_gltA(2)	Pas_pyrG(2)	Pas_recA(9)	Pas_rplB(4)	Pas_rpoB(2)
SRR28167564	abaumannii_2	1	Pas_cpn60(1)	Pas_fusA(1)	Pas_gltA(1)	Pas_pyrG(1)	Pas_recA(5)	Pas_rplB(1)	Pas_rpoB(1)
SRR28167565	abaumannii_2	1	Pas_cpn60(1)	Pas_fusA(1)	Pas_gltA(1)	Pas_pyrG(1)	Pas_recA(5)	Pas_rplB(1)	Pas_rpoB(1)
SRR28167566	abaumannii_2	1	Pas_cpn60(1)	Pas_fusA(1)	Pas_gltA(1)	Pas_pyrG(1)	Pas_recA(5)	Pas_rplB(1)	Pas_rpoB(1)
SRR28167567	abaumannii_2	1	Pas_cpn60(1)	Pas_fusA(1)	Pas_gltA(1)	Pas_pyrG(1)	Pas_recA(5)	Pas_rplB(1)	Pas_rpoB(1)
SRR28167569	abaumannii_2	-	Pas_cpn60(3)	Pas_fusA(3)	Pas_gltA(2)	Pas_pyrG(2)	Pas_recA(4)	Pas_rplB(4)	Pas_rpoB(2)
SRR28167570	abaumannii_2	1	Pas_cpn60(1)	Pas_fusA(1)	Pas_gltA(1)	Pas_pyrG(1)	Pas_recA(5)	Pas_rplB(1)	Pas_rpoB(1)
SRR28167571	abaumannii_2	1	Pas_cpn60(1)	Pas_fusA(1)	Pas_gltA(1)	Pas_pyrG(1)	Pas_recA(5)	Pas_rplB(1)	Pas_rpoB(1)
SRR28167572	abaumannii_2	1	Pas_cpn60(1)	Pas_fusA(1)	Pas_gltA(1)	Pas_pyrG(1)	Pas_recA(5)	Pas_rplB(1)	Pas_rpoB(1)
SRR28167573	abaumannii_2	1	Pas_cpn60(1)	Pas_fusA(1)	Pas_gltA(1)	Pas_pyrG(1)	Pas_recA(5)	Pas_rplB(1)	Pas_rpoB(1)
SRR28167574	abaumannii_2	1	Pas_cpn60(1)	Pas_fusA(1)	Pas_gltA(1)	Pas_pyrG(1)	Pas_recA(5)	Pas_rplB(1)	Pas_rpoB(1)
SRR28167575	abaumannii_2	1	Pas_cpn60(1)	Pas_fusA(1)	Pas_gltA(1)	Pas_pyrG(1)	Pas_recA(5)	Pas_rplB(1)	Pas_rpoB(1)
SRR28167576	abaumannii_2	1	Pas_cpn60(1)	Pas_fusA(1)	Pas_gltA(1)	Pas_pyrG(1)	Pas_recA(5)	Pas_rplB(1)	Pas_rpoB(1)
SRR28167577	abaumannii_2	1438	Pas_cpn60(3)	Pas_fusA(8)	Pas_gltA(2)	Pas_pyrG(2)	Pas_recA(226)	Pas_rplB(1)	Pas_rpoB(14)
SRR28167578	abaumannii_2	1	Pas_cpn60(1)	Pas_fusA(1)	Pas_gltA(1)	Pas_pyrG(1)	Pas_recA(5)	Pas_rplB(1)	Pas_rpoB(1)
SRR28167579	abaumannii_2	1	Pas_cpn60(1)	Pas_fusA(1)	Pas_gltA(1)	Pas_pyrG(1)	Pas_recA(5)	Pas_rplB(1)	Pas_rpoB(1)
SRR28167581	abaumannii_2	1	Pas_cpn60(1)	Pas_fusA(1)	Pas_gltA(1)	Pas_pyrG(1)	Pas_recA(5)	Pas_rplB(1)	Pas_rpoB(1)
SRR28167582	abaumannii_2	1	Pas_cpn60(1)	Pas_fusA(1)	Pas_gltA(1)	Pas_pyrG(1)	Pas_recA(5)	Pas_rplB(1)	Pas_rpoB(1)
SRR28167584	abaumannii_2	152	Pas_cpn60(8)	Pas_fusA(1)	Pas_gltA(5)	Pas_pyrG(3)	Pas_recA(6)	Pas_rplB(2)	Pas_rpoB(3)
SRR28824822	abaumannii_2	1	Pas_cpn60(1)	Pas_fusA(1)	Pas_gltA(1)	Pas_pyrG(1)	Pas_recA(5)	Pas_rplB(1)	Pas_rpoB(1)
SRR8618098	abaumannii_2	164	Pas_cpn60(40)	Pas_fusA(3)	Pas_gltA(7)	Pas_pyrG(2)	Pas_recA(40)	Pas_rplB(4)	Pas_rpoB(4)
SRR8618099	abaumannii_2	164	Pas_cpn60(40)	Pas_fusA(3)	Pas_gltA(7)	Pas_pyrG(2)	Pas_recA(40)	Pas_rplB(4)	Pas_rpoB(4)
SRR9017260	abaumannii_2	164	Pas_cpn60(40)	Pas_fusA(3)	Pas_gltA(7)	Pas_pyrG(2)	Pas_recA(40)	Pas_rplB(4)	Pas_rpoB(4)
